14990
8120
397610
5100
3770
1730
8540
2530
4600
5610
3010
21660
2420
9900
41770
8990
43360
7160
4870
41990
2420
1220
145940
3260
3570
5230
4570
4600
3000
4450
4850
1900
1970
5200
3210
3080
2020
1900
2260
2410
2480
5360
2420
1910
2260
5120
1810
1810
4130
1910
4340
1840
2630
1980
1840
5760
2460
3740
1890
1860
2520
2110
1870
2090
1910
1980
2400
4200
7070
4370
2420
5050
2790
2290
2080
4360
2520
4110
7830
2480
1820
1730
1780
5210
27420
5310
2420
2370
2420
2060
5190
1850
2380
2310
1700
2550
2650
2050
3830
22660
5440
1860
2350
2350
2350
2560
2150
2230
1840
2340
4090
1950
2430
3960
2150
4240
2530
2600
3920
2200
4390
2000
2240
2280
2340
2740
2390
2240
2070
1990
2600
2450
2410
2100
2330
2500
2490
2140
2220
2100
4170
1970
1940
2350
2300
2920
2320
2360
1970
2130
3210
7700
2190
2370
2150
1990
2560
2230
2170
2030
2420
2150
2610
2200
2230
2120
2100
24790
2590
2360
2170
2170
2310
2590
2490
2140
2200
2160
2530
2540
2140
20220
4870
2500
2160
2280
2040
2130
2160
2490
2690
2190
1960
2010
2060
2120
4070
1960
2080
1960
2160
2220
6790
2560
1920
2100
2300
2050
2050
2400
2550
2260
4220
4300
1940
5770
2130
4040
2520
2030
2110
2040
5800
2620
2460
6270
2310
2100
2280
5640
2130
2320
2000
2210
2050
2460
2690
2540
6530
2150
2130
2120
8060
2190
2200
2140
2110
7490
2520
2440
5150
2210
2120
2120
2510
2580
2270
1970
2090
2020
3990
2350
2780
4460
2190
2140
2090
2230
2580
2390
2400
2180
2400
2890
2040
2000
2030
4310
8310
3140
2350
2230
2220
2250
2650
3640
2210
2100
4470
4260
2150
2350
3640
22260
2540
2180
2210
4420
2020
7150
2510
2080
2310
2040
2110
3830
6670
6750
3670
2660
2490
2490
5310
3450
2780
5180
3010
2650
2430
4240
4200
3570
5220
19780
2600
5480
3110
2680
2490
2530
2450
2560
4210
2550
3060
2560
1310
2660
2500
2250
22530
9570
2550
2500
2280
2310
51380
2440
4400
2540
2590
2700
4250
2440
2510
5370
23920
5130
2560
2530
2380
2310
2330
4680
2220
2500
2490
107730
22480
24880
31120
12150
8270
2970
4470
4830
4220
8540
6430
26850
6700
34190
31590
20290
35440
21620
189960
189960
215910
91640
187940
76840
3630
7350
2580
24520
13270
6140
4890
8570
7000
25690
34180
12460
160530
202690
3250
9640
2620
4580
19660
16720
283910
4590
6870
9100
9350
4330
14850
3100
2310
8820
2220
5390
13130
4450
101190
12590
7780
58380
4940
7290
102890
5970
6580
4490
4490
6210
16340
7020
10930
15320
28880
2710
23780
28280
7890
2290
20110
176330
16370
3880
4770
7230
7700
4870
2350
25260
7050
4190
8410
4120
3900
20610
20190
4340
3120
21360
17520
5390
6820
24380
6550
2490
4730
13500
2590
115170
12180
6720
20500
5190
11000
9870
8270
18630
4970
8600
5030
23740
9320
83950
7330
25150
9980
4250
2310
33990
2250
3710
31230
40390
2350
14330
51360
5020
4200
15220
2630
6970
10590
5880
15620
8660
3410
4930
4100
151150
27490
2500
2220
2250
23130
2770
4590
22970
11180
3480
7820
10830
127560
4620
2440
8600
2240
4780
32430
121520
39440
61160
134240
4260
39300
2280
2250
21290
5890
14370
6230
2540
2530
6070
3950
2380
26380
7440
20970
5970
101940
9830
4770
2440
2560
8280
2370
17090
16180
26510
8380
40510
126350
9340
7670
2370
50750
8760
31820
2560
3120
33830
25470
5690
1430
38860
3130
4340
4130
2260
3350
2960
2090
228570
2510
2520
10410
2350
2520
2730
5660
2440
36340
17170
24450
2160
16750
9000
69710
2740
25080
32060
7840
2220
2620
2700
6330
1310
16170
9610
22180
35680
51760
2860
2600
2330
4230
2710
29000
3520
2090
6240
2910
2680
4150
4990
2450
5360
2690
4880
2500
4360
2580
2420
4980
4070
4810
5320
7830
2620
38060
2190
52020
2920
2600
7690
26520
15570
2580
387140
109020
2500
3040
6210
3910
12230
20100
94840
78520
24300
95940
7020
19850
4410
2630
4930
4300
7640
5260
2680
2410
2230
7170
4920
2690
20190
5350