15410
4440
6570
30670
2310
2300
13450
2170
4430
2040
3950
4220
2420
2210
2090
2260
3450
2190
2360
26780
2080
2200
2130
2410
2120
4220
2380
2090
2050
4120
2090
4490
2120
2010
2010
2090
2130
4100
22080
2610
2400
2160
2100
4380
4750
2230
1640
3090
4630
1700
9930
41530
1110
1130
3530
1090
1100
1170
1160
4270
1630
1160
3740
1830
1130
1270
1120
1100
1140
33140
1110
1110
1130
1120
1090
1210
1170
3390
1170
1110
1090
1120
28810
1630
3730
1490
1520
1480
1580
1570
1550
3700
7870
1570
2920
22130
3470
1850
3510
2150
1840
1850
17220
1820
6530
1890
1910
1900
4330
1990
6750
2040
1940
1960
3850
2280
2270
1970
1990
2190
19890
1990
51820
2170
2200
2160
2160
25750
37920
2580
2160
2160
2080
11460
3540
2370
2190
2220
2170
4430
40130
2460
2090
3830
2210
2380
4230
2340
2130
3740
9020
2150
2150
2390
3880
2690
39590
2100
2180
2140
2180
2090
2100
6620
2130
2130
2120
34480
2170
2230
4990
46670
2090
2510
4030
2600
3950
4770
2090
4800
39420
2400
2120
2130
2140
2180
44990
2150
2170
2380
4550
2080
36140
2210
2050
2420
16440
2170
43220
2300
2300
2120
2230
2580
3660
2500
2410
2270
2310
7030
2270
2250
2160
2410
2270
5920
2300
2240
2160
8940
3620
2470
2230
2190
2230
4500
4960
4240
2230
2250
2280
2300
4070
2270
2170
4610
36270
2140
2040
3470
2170
2440
2140
4130
5100
4040
2480
2420
2310
2290
37040
2250
2260
2100
2550
2160
45130
25300
2270
2210
2160
2670
39060
2450
5000
2220
2360
21980
48330
4620
2260
2280
26070
38760
5500
4430
4410
41950
12930
2890
4550
5330
2480
3580
5000
8230
38680
2670
3690
2230
4780
2280
36040
4350
3890
2180
3930
5620
4750
4310
4270
4150
4280
3120
2500
2450
1430
2460
5800
5070
5070
4590
25300
2240
72430
3650
231890
90840
8680
29060
9730
15080
5160
3280
13340
4600
5420
17960
3570
11120
11780
67900
67900
2600
26200
6250
3150
16880
705550
31750
7100
2300
7000
7200
4340
258350
3540
2560
4380
44910
7230
2260
5080
2430
25280
2500
57830
5630
2400
18440
2310
24240
552200
4590
22270
2240
7110
12910
258130
10600
81020
43090
7500
10830
40620
9910
2450
28790
4660
13680
3370
206120
6710
13240
22550
27240
4810
41690
2480
18160
3700
5920
6660
10890
50710
31660
2820
9450
10670
4230
7070
10650
4930
20390
2100
7430
4670
6370
2150
8890
48450
77520
4930
6100
2340
7660
367670
35790
7160
6260
2270
6390
12720
12660
375720
86370
7570
17640
6310
2470
4250
2510
4470
89080
395010
22830
2920
7620
65060
35090
306990
82860
3810
5450
7810
20440
4840
2520
8460
22760
3670
5690
2280
19420
2310
8280
5240
91490
27900
3520
2470
2630
4120
47710
22660
10500
17460
10810
5010
19470
93490
60600
72490
2260
14430
146150
7570
4170
9800
2290
4880
7010
5200
2890
8550
4430
5280
78400
35190
2710
2840
7730
3250
6830
4420
2410
4180
3820
4180
4320
3610
4160
3750
33910
4000
5700
8580
31370
2950
11280
54850
25630
2410
13100
18850
11480
11490
3420
3350
2910
2390
5070
4530
2620
2260
2580
17190
4790
9040
14640
2660
2640
2410
8270
16080
19750
8740
6680
6090
6080
7850
4520
11830
27190
14760
8340
39220