689, 88, 6.93
690, 4, 57.33
691, 4, 26.88
692, 25, 10.13
693, 5, 40.68
694, 5, 58.71
695, 4, 40.47
696, 4, 60.85
697, 5, 40.67
698, 5, 35.23
699, 4, 60.92
700, 4, 18.45
701, 4, 28.37
702, 4, 43.41
703, 4, 60.88
704, 5, 17.21
705, 4, 30.95
706, 4, 45.88
707, 4, 60.87
708, 4, 23.46
709, 4, 43.61
710, 4, 60.63
711, 4, 23.45
712, 4, 43.70
713, 4, 60.63
714, 4, 21.06
715, 4, 38.51
716, 4, 55.84
717, 4, 18.31
718, 4, 36.21
719, 5, 39.05
720, 4, 60.95
721, 4, 28.38
722, 4, 43.45
723, 4, 60.92
724, 4, 23.62
725, 3, 50.68
726, 4, 15.11
727, 4, 23.36
728, 4, 35.78
729, 4, 50.87
730, 4, 18.49
731, 4, 38.48
732, 4, 56.06
733, 4, 20.86
734, 4, 33.47
735, 5, 43.17
736, 4, 19.42
737, 4, 38.34
738, 4, 48.51
739, 4, 65.89
740, 4, 28.09
741, 4, 43.58
742, 4, 58.59
743, 4, 25.92
744, 4, 40.80
745, 4, 60.95
746, 4, 23.40
747, 5, 44.65
748, 4, 58.49
749, 4, 25.91
750, 5, 33.01
751, 4, 58.12
752, 4, 25.92
753, 4, 45.90
754, 4, 105.89
755, 4, 20.37
756, 4, 38.49
757, 4, 55.86
758, 4, 23.43
759, 4, 38.41
760, 5, 46.48
761, 4, 25.93
762, 4, 46.08
763, 4, 65.96
764, 4, 31.10
765, 5, 41.15
766, 4, 11.18
767, 4, 25.89
768, 4, 45.88
769, 4, 58.69
770, 4, 23.49
771, 4, 43.48
772, 4, 63.41
773, 4, 28.54
774, 4, 46.30
775, 4, 66.14
776, 4, 33.41
777, 4, 53.47
778, 4, 20.96
779, 4, 39.12
780, 4, 51.15
781, 5, 15.10
782, 4, 35.95
783, 4, 55.88
784, 4, 23.16
785, 4, 43.26
786, 4, 62.66
787, 4, 23.13
788, 3, 53.97
789, 4, 102.13
790, 4, 23.00
791, 4, 38.42
792, 4, 56.05
793, 4, 23.55
794, 4, 40.87
795, 4, 58.45
796, 5, 19.47
797, 4, 43.42
798, 4, 58.40
799, 4, 23.62
800, 4, 33.43
801, 4, 50.74
802, 4, 63.12
803, 4, 19.00
804, 4, 38.88
805, 4, 58.77
806, 4, 26.04
807, 4, 43.52
808, 4, 60.92
809, 4, 23.36
810, 4, 38.35
811, 5, 44.98
812, 4, 13.34
813, 4, 31.01
814, 4, 45.87
815, 4, 63.35
816, 4, 28.46
817, 4, 48.44
818, 4, 65.98
819, 4, 31.12
820, 4, 48.46
821, 5, 53.01
822, 4, 33.37
823, 4, 48.17
824, 4, 63.52
825, 4, 31.02
826, 4, 38.07
827, 5, 44.61
828, 4, 15.87
829, 4, 33.27
830, 4, 48.23
831, 4, 62.85
832, 4, 25.60
833, 4, 35.54
834, 4, 55.60
835, 4, 15.78
836, 4, 30.89
837, 4, 45.68
838, 4, 60.33
839, 4, 28.30
840, 4, 46.04
841, 4, 60.58
842, 5, 21.01
843, 4, 45.86
844, 4, 63.39
845, 4, 30.88
846, 4, 48.45
847, 5, 54.66
848, 4, 31.12
849, 3, 67.55
850, 4, 15.58
851, 4, 33.90
852, 4, 51.36
853, 4, 18.48
854, 4, 38.34
855, 4, 58.39
856, 4, 26.05
857, 5, 37.14
858, 4, 60.64
859, 4, 23.42
860, 4, 40.82
861, 4, 58.48
862, 4, 20.93
863, 4, 40.94
864, 4, 58.56
865, 4, 23.24
866, 4, 43.33
867, 4, 63.45
868, 4, 50.21
869, 4, 48.13
870, 5, 110.34
871, 4, 30.81
872, 4, 50.89
873, 5, 13.09
874, 4, 28.32
875, 4, 48.32
876, 4, 63.70
877, 4, 30.59
878, 4, 51.03
879, 4, 13.07
880, 4, 31.14
881, 4, 48.52
882, 5, 51.24
883, 4, 28.45
884, 4, 48.47
885, 4, 66.03
886, 4, 33.37
887, 4, 53.48
888, 5, 17.18
889, 4, 38.08
890, 4, 57.94
891, 4, 25.79
892, 4, 43.19
893, 4, 58.31
894, 4, 20.67
895, 4, 33.17
896, 4, 50.76
897, 4, 15.89
898, 4, 33.36
899, 4, 45.70
900, 4, 63.36
901, 4, 28.30
902, 4, 45.77
903, 5, 53.04
904, 4, 27.98
905, 4, 43.47
906, 5, 48.15
907, 4, 25.89
908, 3, 60.77
909, 4, 14.91
910, 4, 85.66
911, 4, 45.60
912, 4, 65.91
913, 4, 31.10
914, 4, 50.80
915, 4, 15.82
916, 4, 35.85
917, 4, 53.48
918, 4, 18.12
919, 5, 28.95
920, 4, 55.84
921, 4, 21.10
922, 4, 38.22
923, 4, 56.02
924, 4, 23.48
925, 4, 40.92
926, 4, 58.53
927, 4, 21.08
928, 4, 35.90
929, 4, 55.85
930, 4, 23.44
931, 4, 43.44
932, 4, 63.32
933, 4, 80.48
934, 5, 39.03
935, 4, 66.01
936, 4, 25.89
937, 4, 40.75
938, 4, 58.36
939, 4, 23.36
940, 4, 43.34
941, 4, 63.59
942, 4, 28.35
943, 4, 43.22
944, 5, 50.98
945, 4, 30.95
946, 4, 48.37
947, 4, 63.45
948, 4, 30.46
949, 4, 45.94
950, 5, 51.14
951, 4, 20.29
952, 4, 40.89
953, 4, 58.00
954, 4, 25.20
955, 4, 38.20
956, 4, 55.87
957, 4, 15.79
958, 4, 30.72
959, 4, 47.99
960, 4, 65.96
961, 4, 30.72
962, 4, 46.07
963, 5, 50.97
964, 4, 30.93
965, 4, 43.77
966, 4, 11.91
967, 4, 70.47
968, 4, 45.66
969, 4, 68.33
970, 4, 25.89
971, 4, 45.62
972, 4, 65.69
973, 4, 25.84
974, 4, 45.86
975, 4, 55.91
976, 4, 20.95
977, 4, 38.44
978, 4, 58.34
979, 4, 25.91
980, 5, 37.07
981, 4, 65.93
982, 4, 30.89
983, 4, 48.44
984, 4, 10.67
985, 4, 30.93
986, 4, 48.39
987, 4, 13.29
988, 4, 33.32
989, 24, 18.14
990, 4, 63.23
991, 4, 23.31
992, 4, 43.42
993, 5, 48.77
994, 4, 23.40
995, 4, 40.91
996, 5, 47.06
997, 4, 23.56
998, 4, 43.42
999, 4, 58.47
1000, 4, 25.94
1001, 4, 43.44
1002, 4, 63.36
1003, 4, 28.13
1004, 4, 45.72
1005, 5, 53.23
1006, 4, 29.96
1007, 4, 48.25
1008, 4, 13.49
1009, 4, 30.92
1010, 4, 50.64
1011, 5, 13.14
1012, 4, 35.94
1013, 4, 55.96
1014, 4, 23.40
1015, 4, 41.18
1016, 4, 58.38
1017, 4, 25.93
1018, 4, 45.85
1019, 4, 66.15
1020, 4, 33.20
1021, 4, 50.73
1022, 4, 16.03
1023, 4, 36.03
1024, 5, 42.81
1025, 4, 18.29