13985330
9710690
4717650
3382680
1005184650
1001465670
1000057420
998430440
1000662270
997753890
997332090
996510760
995606440
994053380
993371240
993302870
991945340
994856890
991266110
990603070
989426500
990049500
988959110
988014450
987194580
985930070
985502710
984997260
984057420
982951660
981919010
981495570
980733330
980035770
979220450
978304660
978457940
978460410
977614050
976752780
976102820
975375590
974510750
972505370
971683560
970533110
967751960
967215810
966600180
962648660
960608440
959715300
958988700
958890750
958138410
957551430
956585020
955642120
954981120
954125860
953231490
952224180
951518790
951016120
950211660
949255060
948132740
947082140
947627630
946802550
945890260
945028120
944194410
943823810
943005330
942279910
941090740
940263500
939935670
939042330
938145430
936942610
936032630
935900000
935073400
934178970
933188760
932456780
932068210
931188710
930252070
929255590
928198440
928098630
927231530
926289780
925303750
924642760
924121510
923278040
923032360
922042160
921205900
920821550
920007790
919113130
918049500
917948220
917107780
917038630
916113030
915322540
913840170
913022750
912916200
912197130
911395530
910271600
909502000
909083200
908192700
907235640
906285040
905196230
905083830
904209300
903329430
902303660
901224670
901114970
900264270
899333830
900720700
899684050
899564890
898743040
897801990
896873020
896146120
895684600
894863520
894148900
892953440
892202850
891736550
890937560
890146260
888999180
888464420
888094340
887215040
884131690
884028100
883231160
882343410
881644610
880705610
880003660
879765130
878512270
877686800
876960120
876239670
876150000
877235680
876253030
875411120
874741870
874179230
873561750
873456430
872618430
871892050
871275100
870749290
870379800
869701390
869595480
868893150
868214640
870366160
869855270
868708800
868596950
868087380
867234510
866697150
866331720
865589080
864712780
864587960
864139890
863318470
862291180
861268190
860667290
861564810
860905190
860131340
859064740
858539690
857973290
857742410
857200650
856251910
855506270
854603120
854054700
853157290
852918100
852306720
851581700
854371790
853974420
853198130
852196970
851463570
850534190
850054000
849145840
848821800
848227470
847255530
846492210
846021680
845492860
844675450
843025070
919360080
919225690
918463140
917914250
915836920
915228460
914635220
913743450
912899400
911725020
911250020
910644090
909432310
908773380
907821730
907289480
1410744160
1409855240
1409171380
1408069060
1407615760
1407021490
1405817450
1405177820
1404144070
1403678410
1403032920
1401909520
1401042420
1399750840
1399633800
1398841820
1398289120
1397437880
1396323000
1395907340
1395329440
1394107980
1393459620
1392614970
1391920980
1391413100
1390498150
1389829420
1388912970
1387971090
1387834700
1387086550
1425015680
1424105480
1423079290
1422497330
1421880660
1420738190
1418492660
1415784030
1414442660
1410419920
1406465580
1404457880
1403988380
1403114020
1402362650
1402023820
1768784940
1767433510
1766453730
1765596060
1764851140
1760862290
1760752090
1760022370
1759065530
1756957560
1756850600
1756097180
1755346270
1752860680
1751112600
1748849680
1745273840
1741270430
1737289480
1417891210
1012652120
1009509650
1008525690
1008511660
1007853920
1007767570
1006722250
1006351780
1005423460
1005244600
1004355460
1004240020
1002121800
1104911350
1103409620
1100433900
1101502260
1097498050
1020277170
515891120
515648560
477072940
106719630
106237120
105745530
105728100
105616450
105301580
104856760
104864500
104734450
104567390
596332690
594977630
593293200
593312980
593226140
592666390
592605120
592585780
592290720
591896560
591596540
586676030
586185270
585824010
588541880
582454320
582180110
581805970
581243870
580008910
579523990
579505220
579422480
578905400
578902360
578240140
576714450
576389790
576358770
575860220
575558230
575196370
575249250
575137520
574839960
574482810
573015590
569843760
569027680
568906100
568873870
568702050
568345790
568211890
564651890
564249380
564150050
564041660
595635580
593581220
593546550
592954710
591180540
590695110
590556200
590498610
589968320
589935070
589721510
588352340
586863320
586521800
586342190
585953690
1057360620
1057208020
1057102030
1056037640
1054632460
1054389130
1053026780
1052571920
1052254550
1051840770
1051844660
1051772820
1051436020
1050746450
1049729100
1048221430
1055000260
1054705860
1054615460
1054554570
1054502340
1054178390
1049788700
1049131720
1049107180
1048934110
1048737980
1046332430
1046250680
1046003930
1044955640
1044709230
1044975130
1044603530
1044317720
1041609190
1040485180
1040182410
1039760280
1038561140
1033440500
1033317910
1032231980
1031683090
1031392500
1031212790
1030940020
1027321270
1025137030
1025195310
1024945360
1020418700
1020037320
1019761690
1019615660
1019560440
1019170760
1019679850
1018740420
1016799770
1017910260
1016731920
1014726320
1014525720
1014254140
1014068870
1013939530
1011755390
1011525840
1010882370
1010788810
1007946030
1007512830
1007770680
1007197110
1004648040
550442060
550357930
550253390
518488270
46928500
39606060
39168660
38240180
38233590
38249150
37999480
37624260
37572590
37280310
36559340
36514610
36124570
32965600
32876280
32610420
32523380
31171520
30994980
30701240
30639280
30505060
27323360
25873450
25602770
25378940
25180250
25128490
24866430
24694080
24522430
22579900
17110730
16048890
15789120
15770230
15714350
15596750
15434900
14982760
13733950
13304220
13177930
12946210
433571390
432655900
431953930
431727380
431689720
431644160
431263780
428873610
428826840
428767950
428334430
428086640
428068340
427948110
427633400
422623540
422983150
1016662330
594460600
593806350
592687780
588707400
588414830
588356120
587927480
590542660
587343620
586437480
582380800
578386180
574422380
570433040
569443740
565424660
563339620
561448910
427423100
58980490
58895070
18889470
18188180
302606250
302466550
302408940
302095200
301807700
302022950
301797430
301567430
301315980
301211710
301038640
301122500
300658990
300441130
300290580
299961440
296641340
296020590
294364330
293981000
293964020
293774000
293367070
293238020
293118630
289488720
289427270
289131910
287733560
1015323110
730347680
730480920
570883740
399484580
66839510
15543620
16296380
15905260
16940440
16992620
16431720
16194280
16297570
14922060
14855180
13713770
13596190
13614740
12975440
12916800
12807750
12537360
12123870
12109790
302128570
302014380
301742280
301295420
299302360
298536910
298201200
296996630
296780990
296143090
295991690
295976410
295685520
295406960
295224660
295128040
438727290
435792790
435492480
1011247020
721101560
577362700
398894110
73190390
11759930
11306000
11283300
12061030
11752290
10669980
10257560
10180480
10189610
9880060
9775860
9830050
9449390
9267910
5320220
4921650
4752010
4632780
4583090
4191680
1002846380
1003039570
574826660
387623870
70979500
70927370
6241010
5891560
5322610
5278740
4934380
4620100
4568900
4400020
370875640
370666170
367610990
367614590
367151900
367140640
366777420