1002908190
1005369770
1003989690
1002028760
1001687880
1004254410
1003762150
1002780200
1002639900
1002344360
1002002190
1001738060
1001618920
1001391470
1001175900
1008982620
1008659940
1008549470
1008251060
1007812410
1007647920
1006829160
1006683850
1006035450
1005892830
1005506090
1005405630
1004913800
1004798510
1004541410
1004441900
1004363670
1004270040
1004019850
1003922110
1003656190
1001916680
1016894850
1016475770
1016363090
1015765170
1015136210
1014675790
1014403150
1014308050
1013762880
1013614180
1013386170
1013222630
1012797620
1012671940
1012445400
1012342480
1011298070
1011199760
1010947910
1010838730
1010295330
1010163360
1009880710
1009776580
1009221230
1009101020
1008810320
1008653750
1008041360
1007937650
1007149780
1007029550
1006507070
1006367090
1006103740
1005968270
1005433700
1005309760
1005056360
1004947040
1004261640
1004154130
1003853070
1003200780
1002587310
1002448610
1032805030
1032344530
1032173820
1031648710
1031179730
1030777160
1030268170
1029665250
1029405480
1029305130
1029033930
1028763570
1028465540
1028332850
1027759160
1027557070
1027648620
1027552700
1026849540
1026749350
1026078330
1025967340
1025696020
1025468320
1024985360
1024879860
1024655420
1023944900
1023673310
1023528980
1023076630
1022954260
1022847390
1022160250
1021888930
1021783540
1021380390
1021167000
1020929190
1020812340
1020164610
1019998200
1019464030
1019313820
1019058680
1018599850
1018220060
1018109890
1018293800
1018047510
1017793220
1017646580
1017417550
1017078800
1016823970
1016702170
1016453850
1016137890
1015697380
1015591920
1015309070
1014575850
1013940950
1013812960
1013596930
1013200460
1012941040
1012804200
1012502690
1012029640
1011775280
1011669950
1011122500
1010973660
1010699880
1010548810
1010111510
1009788250
1009208040
1008990740
1008913640
1008579820
1008100640
1007497880
1007183610
1007080260
1006643610
1006458940
1005982240
1005555250
1005247880
1005143610
1004731350
1004618810
61093590
60649400
60475380
59866660
59677390
59066320
58616150
57947410
57830220
57575920
57202330
56634610
56531570
56097790
55985460
55539980
1059392020
1058586590
1058449260
1058035120
1057894660
1057631510
1057327780
1056736470
1056610090
1056041870
1055928170
1055665140
1055555640
1055134740
1054989820
1054699130
1055140930
1054223010
1054121820
1053665130
1053573390
1053327630
1053075990
1052523120
1052397200
1052144400
1051857970
1051617250
1051494140
1051256180
1051024430
1050447650
1050776490
1050004790
1049870030
1049617920
1049362560
1049002810
1048861170
1048312190
1048200730
1047942130
1047776810
1047327510
1047198760
1046935450
1046743570
1046323180
1046287980
1045967090
1045846950
1045466730
1045140050
1045073210
1044608470
1044365610
1044184400
1043619790
1043492280
1043256720
1043133130
1042324800
1042226390
1041517400
1042023120
1041768580
1041440790
1040952330
1040792160
1040296580
1040172770
1039935860
1039694230
1039108840
1038905040
1038502360
1038378490
1038112810
1038012710
1037353330
1037328540
1037092580
1036964130
1036439110
1036216380
1035636550
1035522460
1035294100
1035191120
1034770870
1034659030
1034351420
1033984210
1033528720
1033411670
1032872670
1033007950
1032766800
1032570780
1032090160
1031988650
1031646810
1031515260
1030879630
1030770540
1030444560
1030150120
1029810570
1029170820
1028805010
1028691790
1027965050
1028006730
1027714230
1027411150
1027104500
1026997350
1026781750
1025998320
1025712540
1025460050
1025052810
1024939510
1024991170
1024609770
1024387490
1024273050
1023858490
1024132550
1023750650
1023634520
1022859650
1022714460
1022263500
1022159690
1021863430
1021648380
1021169530
1021059420
1020812750
1020707140
1020088190
1019910770
1019665360
1019523580
1019148110
1019007550
1018728990
1018278520
1017997520
1017891460
1017496820
1017361200
1017072690
1016945870
1016708230
1016271370
1015991370
1015889760
1015456740
1015642880
1015208940
1015098930
1014633930
1014503300
1014110970
1014023000
1013581880
1013310560
1013045830
1012925190
1012705010
1012546880
1009225630
122750030
122069970
121569780
121052480
120390110
120126630
119658330
119038980
118570690
118404530
117614150
117493900
117251470
116784830
116529070
116322380
1120554160
1120414550
1120179180
1119700580
1119413240
1119301850
1119052360
1118788840
1118282080
1118157540
1117668940
1117564390
1117319090
1117172370
1116687530
1116517710
1116981380
1116808030
1116407500
1116022520
1115582370
1115444980
1115193450
1114917320
1114224170
1114105750
1113810950
1113454070
1113016750
1112851950
1112259150
1112148740
1111940650
1111778240
1111525920
1111336750
1110774410
1110613680
1110375450
1110253290
1109473930
1109335220
1108893550
1108792290
1108552340
1108416620
1107800590
1107673440
1107698340
1107599680
1107190950
1107252310
1107006890
1106903270
1106051870
1105947750
1105671860
1105560200
1105124830
1104877680
1104177260
1104067340
1103454180
1103351560
1103652770
1103554800
1102881600
1102728170
1102068130
1101956530
1101403930
1101121720
1100790890
1100652700
1100196170
1100047810
1099767830
1099161330
1098861240
1098727860
1098605130
1098400880
1098084090
1097971390
1097506520
1097372170
1096920150
1096608140
1096147360
1096035940
1095645470
1095513030
1095042270
1094878320
1094477560
1094377460
1094445960
1093916790
1093626340
1093526420
1092659730
1092521100
1091840040
1091688880
1091285850
1090946700
1090639770
1090514500
1090064210
1089923170
1089291020
1088968770
1088991770
1088891180
1088273960
1088161340
1087909230
1087633550
1087205480
1087078120
1086819410
1086678110
1086329250
1086227900
1085880910
1085780730
1085148080
1085044900
1084852680
1084242950
1083808890
1083495770
1083139110
1083033800
1082635530
1082476130
1082215810
1082101210
1081232330
1081120920
1080658260
1080544950
1080040570
1079920480
1080005490
1079901050
1079648640
1079323540
1079087970
1078966430
1078739400
1078425350
1078007900
1077908810
1077681260
1076981490
1076561870
1076321410
1076071540
1075969940
1075278740
1075125140
1074868100
1074707680
1074147870
1073952870
1073230700
1073118420
1072883950
1072598810
1072164940
1072062990
1071840830
1071231030
1070989030
1070591970
1071301640
1071076900
1070949600
1070721810
1070493140
1070085080
1069955600
1069554700
1069060980
1068699080
1068405290
1068137490
1067894400
1067350630
1067214730
1066958360
1066416780
1066119300
1066019630
1065590420
1065487130
1065057140
1064946930
1064487040
1064361040
1064102230
1064000540
1063633530
1063601390
1063311310
1063331410
1062836100
1063325500
1062970440
1062581510
1062373040
1062276260
1061707500
1061390140
1061105600
1060863660
1060631670
1060505920
1059813240
1059699350
1059422230
1059264720
1058658690
1058734980
1058475930
1057755480
1057479740
1057041620
1056766060
1056672590
1056404120
1056155850
1055911250
1055776270
1055353180
1055286130
1054952020
1054389900
1054105350
1054428360
1053841200
1053725780
1053443180
1053340330
1053117920
1052206220
1051785690
1051663650
1051433030
1051306430
1050417770
1050306830
1049866570
1049719830
1049395670
1049101130
1048823800
1048717330
1048495120
1047865810
1047588200
1047464910
1047057890
1046786920
1046542750
1046067950
1045807490
1045700290
1045436380
1044906420
1044630110
1044888360
1044515590
1044373050
1044128650
1044001080
1043520080
1043422930
1042965760
1042579430
1042201970
1041986530
1041406780
1041281800
1040821490
1040526670
1040238870
1040419130
1040001980
1039881590
1039628100
1039316750
1038776160
1038651600
1038396250
1038303380
1037591000
1037496490
1037206070
1036795980
1036526310
1036431470
1036054900
1036368130
1036124230
^C1036021590
1035811540
1035239500
1034706080
1034467320
1034198610
1034098250
1033839870
1033184610
1032927010
1032637610
1032409780
1032307710
1031994540
1032021900
1031609640
1031503320
1031175280
1030598760
1030365390
1030283210
1029540850
1029426220
1028973450
1028859240
1028609100
1028488700
1027912970
1027788370
1027511210
1027845600
1027423070
1027320500
1026868080
1026717030
1026320520
1026223730
1025745300
1025424910
1025204500
1025088190
1024847230
1024359040
1024069580
1023973290
1023377980
1023232420
1023011080
1022910910
1022312470
1022197620
1021952920
1021680450
1021061630
1020905190
1020492540
1020396640
1020172930
1019471920
1019437770
1019137850
1019034760
1016198000